170.0000 20.0000 550.0000 0.0000 0.0000 0.0000 -2.1920 -0.0408 0.0000 15.3793 0.1089 -0.2441 84.5386 -0.2731 -0.4914 156.9816 0.1781 -0.6975 74.2430 0.3105 -0.4327 142.9319 0.5869 -0.3872
169.7040 29.4186 550.0000 0.0000 0.0000 0.0000 -1.7176 -0.0600 -0.0006 15.8222 0.0927 -0.2540 87.2076 -0.2636 -0.5046 161.0252 0.1945 -0.7012 72.0701 0.3187 -0.4183 139.2827 0.5865 -0.3735
168.8172 38.8000 550.0000 0.0000 0.0000 0.0000 -1.0648 -0.0790 -0.0024 16.5922 0.0771 -0.2647 89.7472 -0.2532 -0.5173 164.8775 0.2112 -0.7041 69.7869 0.3259 -0.4035 135.4611 0.5852 -0.3599
167.3431 48.1072 550.0000 0.0000 0.0000 0.0000 -0.2370 -0.0979 -0.0054 17.6848 0.0623 -0.2761 92.1490 -0.2418 -0.5295 168.5269 0.2283 -0.7061 67.4011 0.3321 -0.3883 131.4791 0.5831 -0.3464
165.2875 57.3035 550.0000 0.0000 0.0000 0.0000 0.7618 -0.1164 -0.0096 19.0937 0.0482 -0.2883 94.4055 -0.2295 -0.5409 171.9624 0.2457 -0.7072 64.9209 0.3372 -0.3727 127.3495 0.5802 -0.3331
162.6585 66.3525 550.0000 0.0000 0.0000 0.0000 1.9266 -0.1346 -0.0148 20.8106 0.0349 -0.3012 96.5093 -0.2163 -0.5517 175.1738 0.2632 -0.7076 62.3549 0.3413 -0.3569 123.0858 0.5764 -0.3200
159.4665 75.2187 550.0000 0.0000 0.0000 0.0000 3.2516 -0.1523 -0.0212 22.8259 0.0225 -0.3146 98.4539 -0.2023 -0.5618 178.1518 0.2807 -0.7070 59.7121 0.3443 -0.3408 118.7022 0.5718 -0.3071
155.7241 83.8669 550.0000 0.0000 0.0000 0.0000 4.7303 -0.1695 -0.0287 25.1280 0.0110 -0.3286 100.2332 -0.1874 -0.5712 180.8878 0.2983 -0.7057 57.0019 0.3463 -0.3245 114.2137 0.5664 -0.2945
151.4460 92.2631 550.0000 0.0000 0.0000 0.0000 6.3556 -0.1861 -0.0372 27.7042 0.0005 -0.3430 101.8417 -0.1718 -0.5797 183.3740 0.3157 -0.7035 54.2340 0.3472 -0.3081 109.6356 0.5602 -0.2823
146.6492 100.3740 550.0000 0.0000 0.0000 0.0000 8.1197 -0.2020 -0.0467 30.5404 -0.0089 -0.3577 103.2744 -0.1555 -0.5874 185.6034 0.3330 -0.7005 51.4187 0.3470 -0.2916 104.9844 0.5531 -0.2704
141.3525 108.1678 550.0000 0.0000 0.0000 0.0000 10.0141 -0.2173 -0.0570 33.6212 -0.0173 -0.3728 104.5270 -0.1386 -0.5943 187.5697 0.3500 -0.6968 48.5662 0.3457 -0.2751 100.2768 0.5453 -0.2590
135.5770 115.6136 550.0000 0.0000 0.0000 0.0000 12.0300 -0.2317 -0.0683 36.9303 -0.0245 -0.3881 105.5956 -0.1211 -0.6003 189.2675 0.3667 -0.6923 45.6875 0.3434 -0.2586 95.5303 0.5366 -0.2480
129.3453 122.6821 550.0000 0.0000 0.0000 0.0000 14.1580 -0.2453 -0.0803 40.4505 -0.0307 -0.4036 106.4771 -0.1031 -0.6054 190.6921 0.3831 -0.6870 42.7935 0.3400 -0.2422 90.7629 0.5272 -0.2376
122.6821 129.3453 550.0000 0.0000 0.0000 0.0000 16.3884 -0.2581 -0.0931 44.1640 -0.0356 -0.4191 107.1688 -0.0846 -0.6095 191.8397 0.3989 -0.6810 39.8955 0.3356 -0.2260 85.9931 0.5169 -0.2278
115.6136 135.5770 550.0000 0.0000 0.0000 0.0000 18.7111 -0.2699 -0.1066 48.0522 -0.0394 -0.4346 107.6686 -0.0659 -0.6127 192.7070 0.4143 -0.6744 37.0050 0.3301 -0.2100 81.2400 0.5060 -0.2186
108.1678 141.3525 550.0000 0.0000 0.0000 0.0000 21.1156 -0.2808 -0.1207 52.0963 -0.0420 -0.4502 107.9751 -0.0469 -0.6150 193.2918 0.4291 -0.6671 34.1336 0.3236 -0.1942 76.5229 0.4943 -0.2100
100.3740 146.6492 550.0000 0.0000 0.0000 0.0000 23.5916 -0.2908 -0.1353 56.2770 -0.0435 -0.4655 108.0872 -0.0278 -0.6163 193.5924 0.4434 -0.6591 31.2930 0.3161 -0.1788 71.8616 0.4819 -0.2022
92.2631 151.4460 550.0000 0.0000 0.0000 0.0000 26.1282 -0.2998 -0.1504 60.5748 -0.0437 -0.4808 108.0048 -0.0085 -0.6166 193.6080 0.4569 -0.6506 28.4950 0.3075 -0.1638 67.2761 0.4688 -0.1951
83.8669 155.7241 550.0000 0.0000 0.0000 0.0000 28.7146 -0.3077 -0.1660 64.9704 -0.0426 -0.4957 107.7280 0.0107 -0.6159 193.3387 0.4699 -0.6416 25.7515 0.2980 -0.1492 62.7866 0.4550 -0.1889
75.2187 159.4665 550.0000 0.0000 0.0000 0.0000 31.3399 -0.3146 -0.1819 69.4443 -0.0404 -0.5104 107.2577 0.0298 -0.6142 192.7851 0.4820 -0.6320 23.0742 0.2875 -0.1352 58.4133 0.4407 -0.1835
66.3525 162.6585 550.0000 0.0000 0.0000 0.0000 33.9934 -0.3205 -0.1981 73.9772 -0.0370 -0.5248 106.5952 0.0487 -0.6116 191.9486 0.4935 -0.6219 20.4749 0.2760 -0.1217 54.1767 0.4258 -0.1790
57.3035 165.2875 550.0000 0.0000 0.0000 0.0000 36.6641 -0.3253 -0.2146 78.5500 -0.0325 -0.5387 105.7426 0.0673 -0.6080 190.8317 0.5042 -0.6113 17.9649 0.2637 -0.1089 50.0966 0.4104 -0.1754
48.1072 167.3431 550.0000 0.0000 0.0000 0.0000 39.3413 -0.3291 -0.2312 83.1440 -0.0267 -0.5522 104.7024 0.0855 -0.6035 189.4373 0.5141 -0.6004 15.5558 0.2504 -0.0968 46.1930 0.3945 -0.1728
38.8000 168.8172 550.0000 0.0000 0.0000 0.0000 42.0145 -0.3318 -0.2479 87.7407 -0.0198 -0.5652 103.4777 0.1033 -0.5980 187.7693 0.5233 -0.5891 13.2584 0.2363 -0.0855 42.4854 0.3782 -0.1712
29.4186 169.7040 550.0000 0.0000 0.0000 0.0000 44.6733 -0.3334 -0.2647 92.3220 -0.0118 -0.5776 102.0723 0.1206 -0.5917 185.8322 0.5316 -0.5774 11.0834 0.2215 -0.0750 38.9925 0.3615 -0.1707
20.0000 170.0000 550.0000 0.0000 0.0000 0.0000 47.3074 -0.3339 -0.2815 96.8706 -0.0027 -0.5894 100.4904 0.1373 -0.5844 183.6314 0.5391 -0.5654 9.0410 0.2059 -0.0654 35.7326 0.3446 -0.1712
10.5814 169.7040 550.0000 0.0000 0.0000 0.0000 49.9069 -0.3334 -0.2983 101.3695 0.0074 -0.6006 98.7369 0.1533 -0.5763 181.1731 0.5457 -0.5532 7.1411 0.1896 -0.0567 32.7230 0.3275 -0.1727
1.2000 168.8172 550.0000 0.0000 0.0000 0.0000 52.4621 -0.3318 -0.3149 105.8021 0.0185 -0.6112 96.8172 0.1685 -0.5674 178.4642 0.5516 -0.5407 5.3927 0.1726 -0.0490 29.9800 0.3102 -0.1754
-8.1072 167.3431 550.0000 0.0000 0.0000 0.0000 54.9636 -0.3291 -0.3313 110.1526 0.0306 -0.6210 94.7373 0.1830 -0.5578 175.5124 0.5566 -0.5281 3.8043 0.1552 -0.0424 27.5187 0.2929 -0.1791
-17.3035 165.2875 550.0000 0.0000 0.0000 0.0000 57.4023 -0.3253 -0.3475 114.4059 0.0436 -0.6300 92.5038 0.1967 -0.5473 172.3261 0.5607 -0.5153 2.3839 0.1372 -0.0368 25.3529 0.2756 -0.1839
-26.3525 162.6585 550.0000 0.0000 0.0000 0.0000 59.7695 -0.3205 -0.3634 118.5473 0.0575 -0.6383 90.1237 0.2094 -0.5362 168.9147 0.5640 -0.5023 1.1385 0.1188 -0.0323 23.4949 0.2584 -0.1897
-35.2187 159.4665 550.0000 0.0000 0.0000 0.0000 62.0569 -0.3146 -0.3790 122.5629 0.0721 -0.6458 87.6046 0.2213 -0.5244 165.2883 0.5664 -0.4893 0.0744 0.1001 -0.0290 21.9554 0.2415 -0.1966
-43.8669 155.7241 550.0000 0.0000 0.0000 0.0000 64.2564 -0.3077 -0.3942 126.4395 0.0874 -0.6525 84.9549 0.2322 -0.5119 161.4577 0.5680 -0.4763 -0.8031 0.0812 -0.0269 20.7434 0.2247 -0.2046
-52.2631 151.4460 550.0000 0.0000 0.0000 0.0000 66.3604 -0.2998 -0.4089 130.1645 0.1034 -0.6583 82.1831 0.2421 -0.4989 157.4345 0.5687 -0.4632 -1.4895 0.0621 -0.0259 19.8660 0.2084 -0.2134
-60.3740 146.6492 550.0000 0.0000 0.0000 0.0000 68.3618 -0.2908 -0.4232 133.7260 0.1200 -0.6632 79.2987 0.2509 -0.4854 153.2313 0.5686 -0.4502 -1.9812 0.0429 -0.0261 19.3284 0.1925 -0.2233
-68.1678 141.3525 550.0000 0.0000 0.0000 0.0000 70.2538 -0.2808 -0.4369 137.1129 0.1370 -0.6673 76.3112 0.2588 -0.4713 148.8611 0.5675 -0.4373 -2.2758 0.0238 -0.0275 19.1338 0.1771 -0.2340
-75.6136 135.5770 550.0000 0.0000 0.0000 0.0000 72.0301 -0.2699 -0.4500 140.3147 0.1544 -0.6705 73.2310 0.2656 -0.4569 144.3380 0.5657 -0.4245 -2.3717 0.0047 -0.0302 19.2833 0.1624 -0.2455
-82.6821 129.3453 550.0000 0.0000 0.0000 0.0000 73.6848 -0.2581 -0.4625 143.3217 0.1722 -0.6728 70.0688 0.2713 -0.4420 139.6768 0.5630 -0.4118 -2.2684 -0.0141 -0.0339 19.7761 0.1483 -0.2578
-89.3453 122.6821 550.0000 0.0000 0.0000 0.0000 75.2124 -0.2453 -0.4743 146.1248 0.1901 -0.6742 66.8357 0.2759 -0.4268 134.8929 0.5594 -0.3993 -1.9665 -0.0327 -0.0389 20.6092 0.1350 -0.2709
-95.5770 115.6136 550.0000 0.0000 0.0000 0.0000 76.6079 -0.2317 -0.4854 148.7157 0.2083 -0.6746 63.5435 0.2794 -0.4113 130.0027 0.5550 -0.3871 -1.4675 -0.0509 -0.0450 21.7777 0.1225 -0.2845
-101.3525 108.1678 550.0000 0.0000 0.0000 0.0000 77.8669 -0.2173 -0.4957 151.0868 0.2264 -0.6742 60.2042 0.2818 -0.3955 125.0232 0.5497 -0.3752 -0.7740 -0.0686 -0.0522 23.2748 0.1108 -0.2987
-106.6492 100.3740 550.0000 0.0000 0.0000 0.0000 78.9853 -0.2020 -0.5052 153.2312 0.2446 -0.6730 56.8303 0.2831 -0.3796 119.9720 0.5436 -0.3635 0.1105 -0.0859 -0.0604 25.0916 0.1001 -0.3134
-111.4460 92.2631 550.0000 0.0000 0.0000 0.0000 79.9594 -0.1861 -0.5139 155.1427 0.2626 -0.6708 53.4344 0.2833 -0.3636 114.8677 0.5367 -0.3523 1.1815 -0.1025 -0.0697 27.2177 0.0904 -0.3286
-115.7241 83.8669 550.0000 0.0000 0.0000 0.0000 80.7863 -0.1695 -0.5216 156.8159 0.2804 -0.6678 50.0298 0.2824 -0.3475 109.7291 0.5289 -0.3415 2.4335 -0.1184 -0.0799 29.6411 0.0818 -0.3440
-119.4665 75.2187 550.0000 0.0000 0.0000 0.0000 81.4633 -0.1523 -0.5285 158.2461 0.2980 -0.6639 46.6298 0.2803 -0.3313 104.5761 0.5203 -0.3311 3.8602 -0.1336 -0.0910 32.3480 0.0742 -0.3597
-122.6585 66.3525 550.0000 0.0000 0.0000 0.0000 81.9882 -0.1346 -0.5344 159.4291 0.3152 -0.6593 43.2481 0.2772 -0.3152 99.4287 0.5109 -0.3213 5.4546 -0.1480 -0.1030 35.3236 0.0677 -0.3756
-125.2875 57.3035 550.0000 0.0000 0.0000 0.0000 82.3595 -0.1164 -0.5394 160.3618 0.3319 -0.6538 39.8985 0.2729 -0.2993 94.3078 0.5007 -0.3120 7.2088 -0.1615 -0.1158 38.5516 0.0624 -0.3915
-127.3431 48.1072 550.0000 0.0000 0.0000 0.0000 82.5758 -0.0979 -0.5433 161.0414 0.3483 -0.6476 36.5950 0.2676 -0.2834 89.2345 0.4898 -0.3033 9.1142 -0.1742 -0.1293 42.0150 0.0582 -0.4075
-128.8172 38.8000 550.0000 0.0000 0.0000 0.0000 82.6366 -0.0790 -0.5462 161.4662 0.3640 -0.6407 33.3515 0.2612 -0.2678 84.2304 0.4781 -0.2952 11.1616 -0.1859 -0.1434 45.6955 0.0552 -0.4235
-129.7040 29.4186 550.0000 0.0000 0.0000 0.0000 82.5417 -0.0600 -0.5481 161.6349 0.3792 -0.6330 30.1821 0.2537 -0.2525 79.3172 0.4656 -0.2879 13.3413 -0.1966 -0.1581 49.5745 0.0534 -0.4393
-130.0000 20.0000 550.0000 0.0000 0.0000 0.0000 82.2913 -0.0408 -0.5490 161.5470 0.3937 -0.6247 27.1008 0.2451 -0.2376 74.5170 0.4525 -0.2813 15.6431 -0.2064 -0.1734 53.6326 0.0528 -0.4549
-129.7040 10.5814 550.0000 0.0000 0.0000 0.0000 81.8863 -0.0216 -0.5488 161.2028 0.4076 -0.6158 24.1215 0.2356 -0.2231 69.8518 0.4387 -0.2754 18.0562 -0.2151 -0.1891 57.8499 0.0534 -0.4703
-128.8172 1.2000 550.0000 0.0000 0.0000 0.0000 81.3278 -0.0024 -0.5476 160.6033 0.4207 -0.6062 21.2577 0.2250 -0.2090 65.3438 0.4243 -0.2704 20.5696 -0.2227 -0.2052 62.2063 0.0552 -0.4853
-127.3431 -8.1072 550.0000 0.0000 0.0000 0.0000 80.6178 0.0165 -0.5454 159.7501 0.4331 -0.5961 18.5228 0.2135 -0.1955 61.0146 0.4093 -0.2662 23.1721 -0.2292 -0.2216 66.6818 0.0582 -0.4999
-125.2875 -17.3035 550.0000 0.0000 0.0000 0.0000 79.7584 0.0353 -0.5421 158.6456 0.4447 -0.5854 15.9297 0.2010 -0.1827 56.8859 0.3937 -0.2630 25.8520 -0.2347 -0.2382 71.2558 0.0624 -0.5142
-122.6585 -26.3525 550.0000 0.0000 0.0000 0.0000 78.7523 0.0537 -0.5378 157.2929 0.4555 -0.5743 13.4910 0.1877 -0.1705 52.9787 0.3777 -0.2606 28.5977 -0.2390 -0.2550 75.9084 0.0677 -0.5279
-119.4665 -35.2187 550.0000 0.0000 0.0000 0.0000 77.6028 0.0718 -0.5325 155.6958 0.4655 -0.5627 11.2186 0.1734 -0.1590 49.3132 0.3612 -0.2593 31.3975 -0.2422 -0.2720 80.6193 0.0742 -0.5410
-115.7241 -43.8669 550.0000 0.0000 0.0000 0.0000 76.3135 0.0893 -0.5262 153.8588 0.4746 -0.5507 9.1238 0.1584 -0.1483 45.9092 0.3444 -0.2589 34.2395 -0.2443 -0.2890 85.3688 0.0818 -0.5536
-111.4460 -52.2631 550.0000 0.0000 0.0000 0.0000 74.8886 0.1063 -0.5189 151.7872 0.4828 -0.5383 7.2170 0.1427 -0.1385 42.7850 0.3273 -0.2595 37.1118 -0.2453 -0.3059 90.1375 0.0904 -0.5655
-106.6492 -60.3740 550.0000 0.0000 0.0000 0.0000 73.3327 0.1226 -0.5108 149.4868 0.4902 -0.5256 5.5081 0.1262 -0.1296 39.9581 0.3099 -0.2611 40.0028 -0.2451 -0.3228 94.9063 0.1001 -0.5768
-101.3525 -68.1678 550.0000 0.0000 0.0000 0.0000 71.6509 0.1382 -0.5017 146.9644 0.4967 -0.5126 4.0058 0.1091 -0.1217 37.4445 0.2924 -0.2637 42.9009 -0.2437 -0.3396 99.6566 0.1108 -0.5873
-95.5770 -75.6136 550.0000 0.0000 0.0000 0.0000 69.8487 0.1531 -0.4918 144.2273 0.5023 -0.4994 2.7180 0.0915 -0.1148 35.2586 0.2749 -0.2673 45.7945 -0.2413 -0.3561 104.3703 0.1225 -0.5970
-89.3453 -82.6821 550.0000 0.0000 0.0000 0.0000 67.9322 0.1672 -0.4810 141.2836 0.5070 -0.4859 1.6515 0.0734 -0.1089 33.4131 0.2573 -0.2719 48.6724 -0.2377 -0.3724 109.0298 0.1350 -0.6060
-82.6821 -89.3453 550.0000 0.0000 0.0000 0.0000 65.9077 0.1804 -0.4695 138.1422 0.5108 -0.4723 0.8120 0.0549 -0.1041 31.9191 0.2399 -0.2776 51.5237 -0.2330 -0.3883 113.6184 0.1483 -0.6142
-75.6136 -95.5770 550.0000 0.0000 0.0000 0.0000 63.7821 0.1926 -0.4572 134.8125 0.5137 -0.4585 0.2038 0.0361 -0.1005 30.7854 0.2226 -0.2842 54.3375 -0.2272 -0.4039 118.1196 0.1624 -0.6215
-68.1678 -101.3525 550.0000 0.0000 0.0000 0.0000 61.5626 0.2040 -0.4442 131.3048 0.5157 -0.4446 -0.1698 0.0171 -0.0979 30.0188 0.2056 -0.2917 57.1034 -0.2203 -0.4191 122.5178 0.1771 -0.6279
-60.3740 -106.6492 550.0000 0.0000 0.0000 0.0000 59.2571 0.2143 -0.4306 127.6301 0.5167 -0.4307 -0.3066 -0.0021 -0.0965 29.6240 0.1890 -0.3001 59.8113 -0.2123 -0.4338 126.7980 0.1925 -0.6335
-52.2631 -111.4460 550.0000 0.0000 0.0000 0.0000 56.8735 0.2236 -0.4164 123.7999 0.5169 -0.4168 -0.2061 -0.0213 -0.0963 29.6035 0.1728 -0.3094 62.4514 -0.2032 -0.4479 130.9460 0.2084 -0.6381
-43.8669 -115.7241 550.0000 0.0000 0.0000 0.0000 54.4202 0.2319 -0.4017 119.8267 0.5161 -0.4029 0.1314 -0.0405 -0.0973 29.9572 0.1571 -0.3195 65.0144 -0.1932 -0.4615 134.9480 0.2247 -0.6419
-35.2187 -119.4665 550.0000 0.0000 0.0000 0.0000 51.9061 0.2391 -0.3864 115.7235 0.5144 -0.3891 0.7038 -0.0596 -0.0994 30.6832 0.1420 -0.3304 67.4912 -0.1821 -0.4744 138.7914 0.2415 -0.6448
-26.3525 -122.6585 550.0000 0.0000 0.0000 0.0000 49.3404 0.2453 -0.3707 111.5039 0.5119 -0.3754 1.5083 -0.0784 -0.1026 31.7769 0.1275 -0.3420 69.8733 -0.1701 -0.4866 142.4638 0.2584 -0.6467
-17.3035 -125.2875 550.0000 0.0000 0.0000 0.0000 46.7325 0.2503 -0.3547 107.1824 0.5084 -0.3619 2.5404 -0.0970 -0.1069 33.2317 0.1139 -0.3542 72.1526 -0.1571 -0.4982 145.9540 0.2756 -0.6477
-8.1072 -127.3431 550.0000 0.0000 0.0000 0.0000 44.0921 0.2543 -0.3383 102.7740 0.5040 -0.3486 3.7948 -0.1151 -0.1124 35.0391 0.1010 -0.3670 74.3213 -0.1433 -0.5089 149.2511 0.2929 -0.6479
1.2000 -128.8172 550.0000 0.0000 0.0000 0.0000 41.4293 0.2571 -0.3216 98.2942 0.4987 -0.3355 5.2647 -0.1328 -0.1189 37.1882 0.0890 -0.3802 76.3722 -0.1286 -0.5189 152.3453 0.3102 -0.6471
10.5814 -129.7040 550.0000 0.0000 0.0000 0.0000 38.7543 0.2588 -0.3047 93.7595 0.4925 -0.3228 6.9426 -0.1499 -0.1264 39.6665 0.0779 -0.3940 78.2985 -0.1132 -0.5280 155.2272 0.3275 -0.6454
20.0000 -130.0000 550.0000 0.0000 0.0000 0.0000 36.0776 0.2593 -0.2877 89.1866 0.4854 -0.3104 8.8197 -0.1664 -0.1349 42.4598 0.0679 -0.4080 80.0939 -0.0970 -0.5362 157.8886 0.3446 -0.6429
29.4186 -129.7040 550.0000 0.0000 0.0000 0.0000 33.4098 0.2588 -0.2705 84.5928 0.4774 -0.2984 10.8864 -0.1823 -0.1443 45.5521 0.0588 -0.4224 81.7526 -0.0802 -0.5435 160.3215 0.3615 -0.6396
38.8000 -128.8172 550.0000 0.0000 0.0000 0.0000 30.7616 0.2571 -0.2534 79.9961 0.4686 -0.2868 13.1324 -0.1974 -0.1545 48.9264 0.0508 -0.4370 83.2692 -0.0628 -0.5499 162.5190 0.3782 -0.6354
48.1072 -127.3431 550.0000 0.0000 0.0000 0.0000 28.1438 0.2543 -0.2363 75.4146 0.4589 -0.2758 15.5464 -0.2117 -0.1656 52.5640 0.0439 -0.4518 84.6389 -0.0449 -0.5553 164.4748 0.3945 -0.6304
57.3035 -125.2875 550.0000 0.0000 0.0000 0.0000 25.5674 0.2503 -0.2192 70.8671 0.4484 -0.2653 18.1167 -0.2252 -0.1774 56.4457 0.0382 -0.4666 85.8574 -0.0266 -0.5598 166.1834 0.4104 -0.6247
66.3525 -122.6585 550.0000 0.0000 0.0000 0.0000 23.0432 0.2453 -0.2024 66.3725 0.4371 -0.2554 20.8307 -0.2378 -0.1900 60.5511 0.0336 -0.4814 86.9208 -0.0079 -0.5632 167.6400 0.4258 -0.6182
75.2187 -119.4665 550.0000 0.0000 0.0000 0.0000 20.5820 0.2391 -0.1858 61.9501 0.4250 -0.2461 23.6756 -0.2495 -0.2031 64.8593 0.0302 -0.4962 87.8257 0.0110 -0.5656 168.8405 0.4407 -0.6110
83.8669 -115.7241 550.0000 0.0000 0.0000 0.0000 18.1944 0.2319 -0.1694 57.6194 0.4121 -0.2376 26.6382 -0.2603 -0.2168 69.3488 0.0280 -0.5109 88.5694 0.0301 -0.5670 169.7816 0.4550 -0.6031
92.2631 -111.4460 550.0000 0.0000 0.0000 0.0000 15.8911 0.2236 -0.1535 53.3997 0.3984 -0.2298 29.7048 -0.2700 -0.2311 73.9978 0.0270 -0.5254 89.1495 0.0493 -0.5674 170.4606 0.4688 -0.5946
100.3740 -106.6492 550.0000 0.0000 0.0000 0.0000 13.6824 0.2143 -0.1380 49.3105 0.3841 -0.2228 32.8616 -0.2788 -0.2457 78.7842 0.0272 -0.5397 89.5643 0.0685 -0.5667 170.8758 0.4819 -0.5855
108.1678 -101.3525 550.0000 0.0000 0.0000 0.0000 11.5781 0.2040 -0.1229 45.3711 0.3692 -0.2167 36.0946 -0.2865 -0.2608 83.6861 0.0286 -0.5536 89.8124 0.0875 -0.5651 171.0259 0.4943 -0.5758
115.6136 -95.5770 550.0000 0.0000 0.0000 0.0000 9.5881 0.1926 -0.1085 41.6005 0.3536 -0.2114 39.3899 -0.2932 -0.2761 88.6813 0.0312 -0.5673 89.8932 0.1064 -0.5624 170.9106 0.5060 -0.5656
122.6821 -89.3453 550.0000 0.0000 0.0000 0.0000 7.7215 0.1804 -0.0947 38.0174 0.3374 -0.2071 42.7334 -0.2988 -0.2917 93.7480 0.0350 -0.5805 89.8062 0.1250 -0.5587 170.5301 0.5169 -0.5548
129.3453 -82.6821 550.0000 0.0000 0.0000 0.0000 5.9871 0.1672 -0.0816 34.6399 0.3208 -0.2037 46.1111 -0.3033 -0.3075 98.8648 0.0400 -0.5933 89.5519 0.1432 -0.5540 169.8855 0.5272 -0.5437
135.5770 -75.6136 550.0000 0.0000 0.0000 0.0000 4.3933 0.1531 -0.0693 31.4854 0.3037 -0.2013 49.5091 -0.3068 -0.3235 104.0102 0.0461 -0.6056 89.1310 0.1611 -0.5484 168.9787 0.5366 -0.5320
141.3525 -68.1678 550.0000 0.0000 0.0000 0.0000 2.9477 0.1382 -0.0578 28.5705 0.2863 -0.1999 52.9139 -0.3091 -0.3395 109.1637 0.0534 -0.6173 88.5448 0.1784 -0.5419 167.8120 0.5453 -0.5200
146.6492 -60.3740 550.0000 0.0000 0.0000 0.0000 1.6573 0.1226 -0.0473 25.9108 0.2685 -0.1996 56.3119 -0.3104 -0.3555 114.3048 0.0617 -0.6285 87.7951 0.1951 -0.5344 166.3888 0.5531 -0.5077
151.4460 -52.2631 550.0000 0.0000 0.0000 0.0000 0.5285 0.1063 -0.0376 23.5208 0.2506 -0.2003 59.6901 -0.3106 -0.3714 119.4139 0.0711 -0.6390 86.8842 0.2111 -0.5261 164.7129 0.5602 -0.4950
155.7241 -43.8669 550.0000 0.0000 0.0000 0.0000 -0.4333 0.0893 -0.0290 21.4139 0.2325 -0.2022 63.0355 -0.3097 -0.3873 124.4718 0.0815 -0.6490 85.8150 0.2265 -0.5169 162.7892 0.5664 -0.4821
159.4665 -35.2187 550.0000 0.0000 0.0000 0.0000 -1.2230 0.0718 -0.0214 19.6018 0.2143 -0.2050 66.3357 -0.3077 -0.4031 129.4600 0.0929 -0.6582 84.5909 0.2411 -0.5069 160.6230 0.5718 -0.4689
162.6585 -26.3525 550.0000 0.0000 0.0000 0.0000 -1.8370 0.0537 -0.0150 18.0949 0.1962 -0.2090 69.5785 -0.3046 -0.4186 134.3609 0.1052 -0.6667 83.2156 0.2549 -0.4962 158.2206 0.5764 -0.4556
165.2875 -17.3035 550.0000 0.0000 0.0000 0.0000 -2.2719 0.0353 -0.0096 16.9019 0.1781 -0.2140 72.7523 -0.3004 -0.4339 139.1572 0.1183 -0.6744 81.6937 0.2679 -0.4848 155.5888 0.5802 -0.4421
167.3431 -8.1072 550.0000 0.0000 0.0000 0.0000 -2.5257 0.0165 -0.0054 16.0297 0.1603 -0.2201 75.8458 -0.2952 -0.4488 143.8327 0.1323 -0.6814 80.0298 0.2799 -0.4727 152.7353 0.5831 -0.4284
168.8172 1.2000 550.0000 0.0000 0.0000 0.0000 -2.5971 -0.0024 -0.0024 15.4834 0.1428 -0.2271 78.8481 -0.2888 -0.4634 148.3717 0.1469 -0.6876 78.2295 0.2911 -0.4599 149.6684 0.5852 -0.4147
169.7040 10.5814 550.0000 0.0000 0.0000 0.0000 -2.4857 -0.0216 -0.0006 15.2661 0.1256 -0.2351 81.7490 -0.2815 -0.4776 152.7593 0.1622 -0.6929 76.2984 0.3013 -0.4466 146.3973 0.5865 -0.4010
170.0000 20.0000 550.0000 0.0000 0.0000 0.0000 -2.1920 -0.0408 0.0000 15.3793 0.1089 -0.2441 84.5386 -0.2731 -0.4914 156.9816 0.1781 -0.6975 74.2430 0.3105 -0.4327 142.9319 0.5869 -0.3872
